2.412951999999999764e+00 2.412299999999999667e+00
2.079109999999999570e+00 2.141010000000000080e+00
2.081612000000000240e+00 2.127766000000000268e+00
1.787360000000000060e+00 1.864989999999999926e+00
2.143920000000000048e+00 2.171043999999999752e+00
2.071684000000000303e+00 2.286316000000000237e+00
2.694360000000000532e+00 2.776088000000000111e+00
1.883388000000000062e+00 1.893418000000000045e+00
2.104339999999999655e+00 2.226142000000000287e+00
2.101901999999999937e+00 2.198572000000000415e+00
2.090854000000000212e+00 2.232275999999999705e+00
2.308290000000000397e+00 2.486044000000000143e+00
1.809190000000000298e+00 1.805271999999999988e+00
2.366012000000000004e+00 2.520367999999999942e+00
2.047480000000000189e+00 2.255297999999999803e+00
2.221243999999999996e+00 2.250153999999999765e+00
2.021064000000000416e+00 2.123819999999999819e+00
1.935284000000000004e+00 2.013084000000000096e+00
2.273118000000000194e+00 2.408274000000000026e+00
2.093036000000000119e+00 2.279425999999999952e+00
2.545440000000000147e+00 2.664775999999999812e+00
2.238116000000000216e+00 2.273677999999999866e+00
2.461637999999999771e+00 2.394426000000000165e+00
2.064036000000000204e+00 2.131902000000000186e+00
2.559835999999999778e+00 2.625012000000000345e+00
2.204569999999999919e+00 2.207101999999999897e+00
2.119345999999999730e+00 2.137820000000000054e+00
2.229450000000000376e+00 2.149035999999999724e+00
1.777715999999999852e+00 1.853532000000000179e+00
2.303222000000000325e+00 2.318049999999999944e+00
1.970944000000000029e+00 2.048101999999999645e+00
1.825139999999999763e+00 1.852220000000000200e+00
2.350621999999999989e+00 2.355418000000000234e+00
1.760058000000000122e+00 1.813906000000000018e+00
2.272471999999999603e+00 2.294981999999999633e+00
2.081239999999999757e+00 2.066363999999999645e+00
2.107887999999999984e+00 2.143596000000000057e+00
2.022979999999999556e+00 2.062911999999999857e+00
2.248635999999999857e+00 2.361334000000000266e+00
2.188070000000000181e+00 2.199429999999999996e+00
1.860835999999999713e+00 1.971496000000000137e+00
2.387643999999999878e+00 2.415070000000000050e+00
1.857143999999999906e+00 1.943305999999999756e+00
1.816514000000000184e+00 2.161228000000000371e+00
2.321398000000000295e+00 2.399113999999999969e+00
2.255304000000000197e+00 2.455818000000000279e+00
2.215178000000000313e+00 2.248952000000000062e+00
2.474607999999999475e+00 2.635409999999999808e+00
2.357479999999999798e+00 2.325705999999999829e+00
2.014133999999999869e+00 2.161702000000000456e+00
